Coursework One Results by Tukpetov Raiymbet

The prior probability of node 0
 0.159  0.295  0.205  0.341 


Conditional probability matrix:
 0.571  0.231  0.000  0.000 
 0.286  0.231  0.000  0.000 
 0.143  0.000  0.000  0.000 
 0.000  0.308  0.222  0.000 
 0.000  0.154  0.778  0.000 
 0.000  0.077  0.000  0.333 
 0.000  0.000  0.000  0.333 
 0.000  0.000  0.000  0.333 



Joint probability matrix::
 0.091  0.068  0.000  0.000 
 0.045  0.068  0.000  0.000 
 0.023  0.000  0.000  0.000 
 0.000  0.091  0.045  0.000 
 0.000  0.045  0.159  0.000 
 0.000  0.023  0.000  0.114 
 0.000  0.000  0.000  0.114 
 0.000  0.000  0.000  0.114 



Conditional probability matrix calculated from the joint probability matrix:
 0.571  0.231  0.000  0.000 
 0.286  0.231  0.000  0.000 
 0.143  0.000  0.000  0.000 
 0.000  0.308  0.222  0.000 
 0.000  0.154  0.778  0.000 
 0.000  0.077  0.000  0.333 
 0.000  0.000  0.000  0.333 
 0.000  0.000  0.000  0.333 



The results of queries [4,0,0,0,5] on the naive network:
 1.000  0.068  0.159  0.159  0.273  0.409 


The results of queries [6, 5, 2, 5, 5] on the naive network:
 1.000  0.227  0.136  0.227  0.341  0.409 

