Coursework One Results by Nuradin Islam

The prior probability of node 0
 0.159  0.068  0.023  0.159 


The Conditional probability of node 0 and 2
 0.571  0.231  0.000  0.000 
 0.286  0.231  0.000  0.000 
 0.143  0.000  0.000  0.000 
 0.000  0.308  0.222  0.000 
 0.000  0.154  0.778  0.000 
 0.000  0.077  0.000  0.333 
 0.000  0.000  0.000  0.333 
 0.000  0.000  0.000  0.333 



The Joint probability of node 0 and 2
 0.091  0.068  0.000  0.000 
 0.045  0.068  0.000  0.000 
 0.023  0.000  0.000  0.000 
 0.000  0.091  0.045  0.000 
 0.000  0.045  0.159  0.000 
 0.000  0.023  0.000  0.114 
 0.000  0.000  0.000  0.114 
 0.000  0.000  0.000  0.114 


The Joint probability to The Conditional probability

JPT2CPT
 0.571  0.231  0.000  0.000 
 0.286  0.231  0.000  0.000 
 0.143  0.000  0.000  0.000 
 0.000  0.308  0.222  0.000 
 0.000  0.154  0.778  0.000 
 0.000  0.077  0.000  0.333 
 0.000  0.000  0.000  0.333 
 0.000  0.000  0.000  0.333 



The Query of [4,0,0,0,5]
 0.996  0.004  0.000  0.000 


The Query of [6, 5, 2, 5, 5]
 0.000  0.000  0.000  1.000 

