Coursework One Results by Darkhan Diana

The prior probability of node 0
 0.159  0.295  0.205  0.341 

The CPT
 1.000  0.000  0.000  0.000 
 0.000  1.000  0.000  0.000 
 0.000  0.000  1.000  0.000 
 0.000  0.000  0.000  1.000 


The JPT
 0.159  0.000  0.000  0.000 
 0.000  0.295  0.000  0.000 
 0.000  0.000  0.205  0.000 
 0.000  0.000  0.000  0.341 


The JPT2CPT
 1.000  0.000  0.000  0.000 
 0.000  1.000  0.000  0.000 
 0.000  0.000  1.000  0.000 
 0.000  0.000  0.000  1.000 


The Query
 0.982  0.018  0.000  0.000 

